,id,Manufacturer,Model,Vehicle_Type,Engine_Size,Horsepower,Wheelbase,Width,Length,Curb_Weight,Fuel_Capacity,Fuel_Efficiency
0,1,Acura,Integra,Passenger,1.8,140.0,101.2,67.3,172.4,2.639,13.2,28.0
1,2,Acura,TL,Passenger,3.2,225.0,108.1,70.3,192.9,3.517,17.2,25.0
2,3,Acura,CL,Passenger,3.2,225.0,106.9,70.6,192.0,3.47,17.2,26.0
3,4,Acura,RL,Passenger,3.5,210.0,114.6,71.4,196.6,3.85,18.0,22.0
4,5,Audi,A4,Passenger,1.8,150.0,102.6,68.2,178.0,2.998,16.4,27.0
5,6,Audi,A6,Passenger,2.8,200.0,108.7,76.1,192.0,3.5610000000000004,18.5,22.0
6,7,Audi,A8,Passenger,4.2,310.0,113.0,74.0,198.2,3.9019999999999997,23.7,21.0
7,8,BMW,323i,Passenger,2.5,170.0,107.3,68.4,176.0,3.179,16.6,26.0
8,9,BMW,328i,Passenger,2.8,193.0,107.3,68.5,176.0,3.197,16.6,24.0
9,10,BMW,528i,Passenger,2.8,193.0,111.4,70.9,188.0,3.472,18.5,25.0
10,11,Buick,Century,Passenger,3.1,175.0,109.0,72.7,194.6,3.3680000000000003,17.5,25.0
11,12,Buick,Regal,Passenger,3.8,240.0,109.0,72.7,196.2,3.543,17.5,23.0
12,13,Buick,Park Avenue,Passenger,3.8,205.0,113.8,74.7,206.8,3.778,18.5,24.0
13,14,Buick,LeSabre,Passenger,3.8,205.0,112.2,73.5,200.0,3.591,17.5,25.0
14,15,Cadillac,DeVille,Passenger,4.6,275.0,115.3,74.5,207.2,3.978,18.5,22.0
15,16,Cadillac,Seville,Passenger,4.6,275.0,112.2,75.0,201.0,,18.5,22.0
16,17,Cadillac,Eldorado,Passenger,4.6,275.0,108.0,75.5,200.6,3.843,19.0,22.0
17,18,Cadillac,Catera,Passenger,3.0,200.0,107.4,70.3,194.8,3.77,18.0,22.0
18,19,Cadillac,Escalade,Car,5.7,255.0,117.5,77.0,201.2,5.572,30.0,15.0
19,20,Chevrolet,Cavalier,Passenger,2.2,115.0,104.1,67.9,180.9,2.676,14.3,27.0
20,21,Chevrolet,Malibu,Passenger,3.1,170.0,107.0,69.4,190.4,3.051,15.0,25.0
21,22,Chevrolet,Lumina,Passenger,3.1,175.0,107.5,72.5,200.9,3.33,16.6,25.0
22,23,Chevrolet,Monte Carlo,Passenger,3.4,180.0,110.5,72.7,197.9,3.34,17.0,27.0
23,24,Chevrolet,Camaro,Passenger,3.8,200.0,101.1,74.1,193.2,3.5,16.8,25.0
24,25,Chevrolet,Corvette,Passenger,5.7,345.0,104.5,73.6,179.7,3.21,19.1,22.0
25,26,Chevrolet,Prizm,Passenger,1.8,120.0,97.1,66.7,174.3,2.398,13.2,33.0
26,27,Chevrolet,Metro,Passenger,1.0,55.0,93.1,62.6,149.4,1.895,10.3,45.0
27,28,Chevrolet,Impala,Passenger,3.4,180.0,110.5,73.0,200.0,3.389,17.0,27.0
28,29,Chrysler,Sebring Coupe,Passenger,2.5,163.0,103.7,69.7,190.9,2.967,15.9,24.0
29,30,Chrysler,Sebring Conv.,Passenger,2.5,168.0,106.0,69.2,193.0,3.332,16.0,24.0
30,31,Chrysler,Concorde,Passenger,2.7,200.0,113.0,74.4,209.1,3.452,17.0,26.0
31,32,Chrysler,Cirrus,Passenger,2.0,132.0,108.0,71.0,186.0,2.911,16.0,27.0
32,33,Chrysler,LHS,Passenger,3.5,253.0,113.0,74.4,207.7,3.5639999999999996,17.0,23.0
33,34,Chrysler,Town & Country,Car,,,,,,,,
34,35,Chrysler,300M,Passenger,3.5,253.0,113.0,74.4,197.8,3.5669999999999997,17.0,23.0
35,36,Dodge,Neon,Passenger,2.0,132.0,105.0,74.4,174.4,2.5669999999999997,12.5,29.0
36,37,Dodge,Avenger,Passenger,2.5,163.0,103.7,69.1,190.2,2.8789999999999996,15.9,24.0
37,38,Dodge,Stratus,Passenger,2.5,168.0,108.0,71.0,186.0,3.0580000000000003,16.0,24.0
38,39,Dodge,Intrepid,Passenger,2.7,202.0,113.0,74.7,203.7,3.489,17.0,
39,40,Dodge,Viper,Passenger,8.0,450.0,96.2,75.7,176.7,3.375,19.0,16.0
40,41,Dodge,Ram Pickup,Car,5.2,230.0,138.7,79.3,224.2,4.47,26.0,17.0
41,42,Dodge,Ram Wagon,Car,3.9,175.0,109.6,78.8,192.6,4.245,32.0,15.0
42,43,Dodge,Ram Van,Car,3.9,175.0,127.2,78.8,208.5,4.298,32.0,16.0
43,44,Dodge,Dakota,Car,2.5,120.0,131.0,71.5,215.0,3.557,22.0,19.0
44,45,Dodge,Durango,Car,5.2,230.0,115.7,71.7,193.5,4.394,25.0,17.0
45,46,Dodge,Caravan,Car,2.4,150.0,113.3,76.8,186.3,3.533,20.0,24.0
46,47,Ford,Escort,Passenger,2.0,110.0,98.4,67.0,174.7,2.468,12.7,30.0
47,48,Ford,Mustang,Passenger,3.8,190.0,101.3,73.1,183.2,3.2030000000000003,15.7,24.0
48,49,Ford,Contour,Passenger,2.5,170.0,106.5,69.1,184.6,2.7689999999999997,15.0,25.0
49,50,Ford,Taurus,Passenger,3.0,155.0,108.5,73.0,197.6,3.3680000000000003,16.0,24.0
50,51,Ford,Focus,Passenger,2.0,107.0,103.0,66.9,174.8,2.5639999999999996,13.2,30.0
51,52,Ford,Crown Victoria,Passenger,4.6,200.0,114.7,78.2,212.0,3.908,19.0,21.0
52,53,Ford,Explorer,Car,4.0,210.0,111.6,70.2,190.7,3.8760000000000003,21.0,19.0
53,54,Ford,Windstar,Car,3.0,150.0,120.7,76.6,200.9,3.761,26.0,21.0
54,55,Ford,Expedition,Car,4.6,240.0,119.0,78.7,204.6,4.808,26.0,16.0
55,56,Ford,Ranger,Car,2.5,119.0,117.5,69.4,200.7,3.0860000000000003,20.0,23.0
56,57,Ford,F-Series,Car,4.6,220.0,138.5,79.1,224.5,4.2410000000000005,25.1,18.0
57,58,Honda,Civic,Passenger,1.6,106.0,103.2,67.1,175.1,2.339,11.9,32.0
58,59,Honda,Accord,Passenger,2.3,135.0,106.9,70.3,188.8,2.932,17.1,27.0
59,60,Honda,CR-V,Car,2.0,146.0,103.2,68.9,177.6,3.219,15.3,24.0
60,61,Honda,Passport,Car,3.2,205.0,106.4,70.4,178.2,3.8569999999999998,21.1,19.0
61,62,Honda,Odyssey,Car,3.5,210.0,118.1,75.6,201.2,4.288,20.0,23.0
62,63,Hyundai,Accent,Passenger,1.5,92.0,96.1,65.7,166.7,2.24,11.9,31.0
63,64,Hyundai,Elantra,Passenger,2.0,140.0,100.4,66.9,174.0,2.6260000000000003,14.5,27.0
64,65,Hyundai,Sonata,Passenger,2.4,148.0,106.3,71.6,185.4,3.072,17.2,25.0
65,66,Infiniti,I30,Passenger,3.0,227.0,108.3,70.2,193.7,3.342,18.5,25.0
66,67,Jaguar,S-Type,Passenger,3.0,240.0,114.5,71.6,191.3,3.65,18.4,21.0
67,68,Jeep,Wrangler,Car,2.5,120.0,93.4,66.7,152.0,3.045,19.0,17.0
68,69,Jeep,Cherokee,Car,4.0,190.0,101.4,69.4,167.5,3.194,20.0,20.0
69,70,Jeep,Grand Cherokee,Car,4.0,195.0,105.9,72.3,181.5,3.88,20.5,19.0
70,71,Lexus,ES300,Passenger,3.0,210.0,105.1,70.5,190.2,3.373,18.5,23.0
71,72,Lexus,GS300,Passenger,3.0,225.0,110.2,70.9,189.2,3.638,19.8,23.0
72,73,Lexus,GS400,Passenger,4.0,300.0,110.2,70.9,189.2,3.693,19.8,21.0
73,74,Lexus,LS400,Passenger,4.0,290.0,112.2,72.0,196.7,3.89,22.5,22.0
74,75,Lexus,LX470,Car,4.7,230.0,112.2,76.4,192.5,5.401,25.4,15.0
75,76,Lexus,RX300,Car,3.0,220.0,103.0,71.5,180.1,3.9,17.2,21.0
76,77,Lincoln,Continental,Passenger,4.6,275.0,109.0,73.6,208.5,3.8680000000000003,20.0,22.0
77,78,Lincoln,Town car,Passenger,4.6,215.0,117.7,78.2,215.3,4.121,19.0,21.0
78,79,Lincoln,Navigator,Car,5.4,300.0,119.0,79.9,204.8,5.393,30.0,15.0
79,80,Mitsubishi,Mirage,Passenger,1.8,113.0,98.4,66.5,173.6,2.25,13.2,30.0
80,81,Mitsubishi,Eclipse,Passenger,2.4,154.0,100.8,68.9,175.4,2.91,15.9,24.0
81,82,Mitsubishi,Galant,Passenger,2.4,145.0,103.7,68.5,187.8,2.945,16.3,25.0
82,83,Mitsubishi,Diamante,Passenger,3.5,210.0,107.1,70.3,194.1,3.443,19.0,22.0
83,84,Mitsubishi,3000GT,Passenger,3.0,161.0,97.2,72.4,180.3,3.1310000000000002,19.8,21.0
84,85,Mitsubishi,Montero,Car,3.5,200.0,107.3,69.9,186.6,4.52,24.3,18.0
85,86,Mitsubishi,Montero Sport,Car,3.0,173.0,107.3,66.7,178.3,3.51,19.5,20.0
86,87,Mercury,Mystique,Passenger,2.0,125.0,106.5,69.1,184.8,2.7689999999999997,15.0,28.0
87,88,Mercury,Cougar,Passenger,2.0,125.0,106.4,69.6,185.0,2.892,16.0,30.0
88,89,Mercury,Sable,Passenger,3.0,153.0,108.5,73.0,199.7,3.3789999999999996,16.0,24.0
89,90,Mercury,Grand Marquis,Passenger,4.6,200.0,114.7,78.2,212.0,3.958,19.0,21.0
90,91,Mercury,Mountaineer,Car,4.0,210.0,111.6,70.2,190.1,3.8760000000000003,21.0,18.0
91,92,Mercury,Villager,Car,3.3,170.0,112.2,74.9,194.7,3.944,20.0,21.0
92,93,Mercedes-B,C-Class,Passenger,2.3,185.0,105.9,67.7,177.4,3.25,16.4,26.0
93,94,Mercedes-B,E-Class,Passenger,3.2,221.0,111.5,70.8,189.4,3.823,21.1,25.0
94,95,Mercedes-B,S-Class,Passenger,4.3,275.0,121.5,73.1,203.1,4.133,23.2,21.0
95,96,Mercedes-B,SL-Class,Passenger,5.0,302.0,99.0,71.3,177.1,4.125,21.1,20.0
96,97,Mercedes-B,SLK,Passenger,2.3,190.0,94.5,67.5,157.9,3.055,15.9,26.0
97,98,Mercedes-B,SLK230,Passenger,2.3,185.0,94.5,67.5,157.3,2.975,14.0,27.0
98,99,Mercedes-B,CLK Coupe,Passenger,3.2,215.0,105.9,67.8,180.3,3.213,16.4,26.0
99,100,Mercedes-B,CL500,Passenger,5.0,302.0,113.6,73.1,196.6,4.115,23.2,20.0
100,101,Mercedes-B,M-Class,Car,3.2,215.0,111.0,72.2,180.6,4.387,19.0,20.0
101,102,Nissan,Sentra,Passenger,1.8,126.0,99.8,67.3,177.5,2.593,13.2,30.0
102,103,Nissan,Altima,Passenger,2.4,155.0,103.1,69.1,183.5,3.012,15.9,25.0
103,104,Nissan,Maxima,Passenger,3.0,222.0,108.3,70.3,190.5,3.2939999999999996,18.5,25.0
104,105,Nissan,Quest,Car,3.3,170.0,112.2,74.9,194.8,3.991,20.0,21.0
105,106,Nissan,Pathfinder,Car,3.3,170.0,106.3,71.7,182.6,3.947,21.0,19.0
106,107,Nissan,Xterra,Car,3.3,170.0,104.3,70.4,178.0,3.821,19.4,18.0
107,108,Nissan,Frontier,Car,3.3,170.0,116.1,66.5,196.1,3.217,19.4,18.0
108,109,Oldsmobile,Cutlass,Passenger,3.1,150.0,107.0,69.4,192.0,3.102,15.2,25.0
109,110,Oldsmobile,Intrigue,Passenger,3.5,215.0,109.0,73.6,195.9,3.455,18.0,
110,111,Oldsmobile,Alero,Passenger,2.4,150.0,107.0,70.1,186.7,2.958,15.0,27.0
111,112,Oldsmobile,Aurora,Passenger,4.0,250.0,113.8,74.4,205.4,3.967,18.5,22.0
112,113,Oldsmobile,Bravada,Car,4.3,190.0,107.0,67.8,181.2,4.0680000000000005,17.5,19.0
113,114,Oldsmobile,Silhouette,Car,3.4,185.0,120.0,72.2,201.4,3.948,25.0,22.0
114,115,Plymouth,Neon,Passenger,2.0,132.0,105.0,74.4,174.4,2.559,12.5,29.0
115,116,Plymouth,Breeze,Passenger,2.0,132.0,108.0,71.0,186.3,2.9419999999999997,16.0,27.0
116,117,Plymouth,Voyager,Car,2.4,150.0,113.3,76.8,186.3,3.528,20.0,24.0
117,118,Plymouth,Prowler,Passenger,3.5,253.0,113.3,76.3,165.4,2.85,12.0,21.0
118,119,Pontiac,Sunfire,Passenger,2.4,150.0,104.1,68.4,181.9,2.906,15.0,27.0
119,120,Pontiac,Grand Am,Passenger,3.4,175.0,107.0,70.4,186.3,3.091,15.2,25.0
120,121,Pontiac,Firebird,Passenger,3.8,200.0,101.1,74.5,193.4,3.492,16.8,25.0
121,122,Pontiac,Grand Prix,Passenger,3.8,195.0,110.5,72.7,196.5,3.3960000000000004,18.0,25.0
122,123,Pontiac,Bonneville,Passenger,3.8,205.0,112.2,72.6,202.5,3.59,17.5,24.0
123,124,Pontiac,Montana,Car,3.4,185.0,120.0,72.7,201.3,3.9419999999999997,25.0,23.0
124,125,Porsche,Boxter,Passenger,2.7,217.0,95.2,70.1,171.0,2.778,17.0,22.0
125,126,Porsche,Carrera Coupe,Passenger,3.4,300.0,92.6,69.5,174.5,3.032,17.0,21.0
126,127,Porsche,Carrera Cabrio,Passenger,3.4,300.0,92.6,69.5,174.5,3.075,17.0,23.0
127,128,Saab,5-Sep,Passenger,2.3,170.0,106.4,70.6,189.2,3.28,18.5,23.0
128,129,Saab,3-Sep,Passenger,2.0,185.0,102.6,67.4,182.2,2.99,16.9,23.0
129,130,Saturn,SL,Passenger,1.9,100.0,102.4,66.4,176.9,2.332,12.1,33.0
130,131,Saturn,SC,Passenger,1.9,100.0,102.4,66.4,180.0,2.367,12.1,33.0
131,132,Saturn,SW,Passenger,1.9,124.0,102.4,66.4,176.9,2.452,12.1,31.0
132,133,Saturn,LW,Passenger,2.2,137.0,106.5,69.0,190.4,3.075,13.1,27.0
133,134,Saturn,LS,Passenger,2.2,137.0,106.5,69.0,190.4,2.91,13.1,28.0
134,135,Subaru,Outback,Passenger,2.5,165.0,103.5,67.5,185.8,3.415,16.9,25.0
135,136,Subaru,Forester,Car,2.5,165.0,99.4,68.3,175.2,3.125,15.9,24.0
136,137,Toyota,Corolla,Passenger,1.8,120.0,97.0,66.7,174.0,2.42,13.2,33.0
137,138,Toyota,Camry,Passenger,2.2,133.0,105.2,70.1,188.5,2.998,18.5,27.0
138,139,Toyota,Avalon,Passenger,3.0,210.0,107.1,71.7,191.9,3.417,18.5,26.0
139,140,Toyota,Celica,Passenger,1.8,140.0,102.4,68.3,170.5,2.425,14.5,31.0
140,141,Toyota,Tacoma,Car,2.4,142.0,103.3,66.5,178.7,2.58,15.1,23.0
141,142,Toyota,Sienna,Car,3.0,194.0,114.2,73.4,193.5,3.759,20.9,22.0
142,143,Toyota,RAV4,Car,2.0,127.0,94.9,66.7,163.8,2.668,15.3,27.0
143,144,Toyota,4Runner,Car,2.7,150.0,105.3,66.5,183.3,3.44,18.5,23.0
144,145,Toyota,Land Cruiser,Car,4.7,230.0,112.2,76.4,192.5,5.115,25.4,15.0
145,146,Volkswagen,Golf,Passenger,2.0,115.0,98.9,68.3,163.3,2.767,14.5,26.0
146,147,Volkswagen,Jetta,Passenger,2.0,115.0,98.9,68.3,172.3,2.853,14.5,26.0
147,148,Volkswagen,Passat,Passenger,1.8,150.0,106.4,68.5,184.1,3.043,16.4,27.0
148,149,Volkswagen,Cabrio,Passenger,2.0,115.0,97.4,66.7,160.4,3.0789999999999997,13.7,26.0
149,150,Volkswagen,GTI,Passenger,2.0,115.0,98.9,68.3,163.3,2.762,14.6,26.0
150,151,Volkswagen,Beetle,Passenger,2.0,115.0,98.9,67.9,161.1,2.7689999999999997,14.5,26.0
151,152,Volvo,S40,Passenger,1.9,160.0,100.5,67.6,176.6,2.998,15.8,25.0
152,153,Volvo,V40,Passenger,1.9,160.0,100.5,67.6,176.6,3.042,15.8,25.0
153,154,Volvo,S70,Passenger,2.4,168.0,104.9,69.3,185.9,3.208,17.9,25.0
154,155,Volvo,V70,Passenger,2.4,168.0,104.9,69.3,186.2,3.259,17.9,25.0
155,156,Volvo,C70,Passenger,2.3,236.0,104.9,71.5,185.7,3.6010000000000004,18.5,23.0
156,157,Volvo,S80,Passenger,2.9,201.0,109.9,72.1,189.8,3.6,21.1,24.0
